A=[-8.6487 -0.0399 -4.7500 3.5846;
    -4.5740 0.9619 -4.3662 -0.9683;
    3.7698 14.5212 -17.5853 4.4936;
    -8.6645 8.3742 -4.4331 -11.1484];
B=[0.2786 0.0319;
    0.0138 -0.02;
    4.4939 1.4986;
    -1.4269 -0.2730];
C=[-3.2988 -1.5532 0.0370 -0.0109;
   0.2522 -2.1506 -0.0104 0.0163];
x0=[0.5;-0.1;0.3;-0.8]
D=[0 0;0 0]